clf
X = [
4.764302e-02 1.765855e+02 8.024703e-03 1
4.827115e-02 9.713318e+02 1.696093e-04 1
3.904469e-02 2.279374e+02 7.954812e-03 1
4.239611e-02 9.564481e+02 9.031630e-04 1
3.746383e-02 4.770185e+02 3.673823e-05 1
4.613777e-02 5.554133e+02 9.793350e-04 1
3.966350e-02 4.442255e+02 5.352442e-03 1
3.826938e-02 5.677074e+02 3.018692e-05 1
3.546745e-02 3.175922e+02 3.434553e-03 1
4.782820e-02 8.664626e+02 4.704810e-05 1
4.438742e-02 3.079242e+02 9.683577e-04 1
4.875579e-02 2.882954e+02 1.424349e-03 1
4.468585e-02 6.948036e+02 3.429847e-05 1
4.108612e-02 4.110090e+02 1.177645e-05 1
3.927928e-02 7.323138e+02 1.915294e-03 1
3.611303e-02 2.129717e+02 1.350875e-04 1
4.701835e-02 7.584771e+02 1.046057e-05 1
3.592698e-02 3.998374e+02 3.499797e-03 1
3.790837e-02 6.936640e+02 1.894042e-05 1
4.914996e-02 1.478207e+02 3.333146e-05 1
3.796409e-02 1.642290e+02 1.113716e-05 1
4.537061e-02 7.781699e+02 1.689625e-03 1
4.802091e-02 5.796563e+02 3.399925e-05 1
3.816371e-02 9.666086e+02 4.310645e-04 1
4.544481e-02 1.177920e+02 6.101492e-05 1
4.837961e-02 7.457633e+02 1.815799e-05 1
3.531384e-02 8.478580e+02 7.329294e-05 1
4.778646e-02 1.522781e+02 2.296278e-04 1
4.939378e-02 4.976982e+02 4.557505e-06 1
4.404265e-02 1.986920e+02 3.739074e-03 1
4.655466e-02 9.083047e+02 5.784557e-04 1
4.516091e-02 7.084226e+02 5.967954e-05 1
4.280838e-02 7.502434e+02 7.978584e-05 1
4.191382e-02 3.646529e+02 3.109442e-05 1
4.905865e-02 7.052735e+02 3.929300e-05 1
4.354654e-02 5.067698e+02 3.334922e-06 1
4.077236e-02 4.510434e+02 3.614520e-04 1
4.811109e-02 9.116624e+02 1.482184e-02 1
4.271699e-02 7.005561e+02 6.707116e-05 1
4.083895e-02 6.362924e+02 2.537022e-04 1
3.919819e-02 7.291259e+02 2.008397e-04 1
4.250629e-02 1.015462e+02 8.746626e-04 1
3.764812e-02 4.219186e+02 4.560975e-04 1
3.708540e-02 5.618104e+02 3.864441e-03 1
4.812910e-02 5.951530e+02 1.445901e-04 1
4.278774e-02 4.929734e+02 1.021611e-04 1
3.961500e-02 3.784261e+02 1.187155e-03 1
4.593708e-02 8.466139e+02 6.545254e-05 1
4.663227e-02 6.156014e+02 9.127458e-04 1
3.911953e-02 7.623141e+02 1.013327e-03 1
3.670129e-02 4.642286e+02 6.959654e-05 1
3.655268e-02 7.909460e+02 8.806532e-04 1
3.996897e-02 3.706068e+02 8.151075e-03 1
3.925432e-02 4.410400e+02 2.112145e-04 1
4.941474e-02 7.372350e+02 1.761152e-05 1
4.449130e-02 1.677717e+02 4.754847e-06 1
3.812501e-02 2.356302e+02 4.936896e-03 1
3.893807e-02 3.248262e+02 5.278932e-05 1
4.384558e-02 5.928874e+02 4.691575e-05 1
4.974441e-02 9.321892e+02 2.160133e-04 1
3.560841e-02 4.657458e+02 1.028292e-05 1
4.333211e-02 2.098272e+02 1.732352e-04 1
3.868087e-02 7.848278e+02 5.394961e-06 1
4.210803e-02 4.260868e+02 5.321061e-05 1
4.723172e-02 8.424807e+02 4.555352e-03 1
4.628691e-02 9.146540e+02 2.256960e-05 1
4.720511e-02 3.885638e+02 6.724774e-05 1
4.953321e-02 6.181352e+02 1.640143e-04 1
4.262207e-02 3.473600e+02 1.976683e-04 1
4.576981e-02 6.082322e+02 2.655910e-03 1
4.735039e-02 5.365946e+02 1.123810e-04 1
4.711869e-02 9.379680e+02 5.635283e-03 1
3.584681e-02 2.817030e+02 3.977985e-05 1
4.021270e-02 6.244739e+02 3.587689e-06 1
4.955419e-02 1.609012e+02 3.366481e-06 1
4.842918e-02 1.262731e+02 1.268234e-04 1
3.950676e-02 3.393474e+02 3.381740e-05 1
4.224093e-02 2.667280e+02 9.153041e-05 1
3.939681e-02 1.055852e+02 1.064657e-05 1
4.123009e-02 1.927132e+02 6.384553e-03 1
4.983575e-02 8.734776e+02 3.251943e-04 1
3.979250e-02 9.838384e+02 5.579341e-04 1
4.636620e-02 1.576343e+02 1.483561e-05 1
4.358124e-02 4.020605e+02 1.788931e-04 1
4.326616e-02 6.721985e+02 1.949374e-04 1
3.514460e-02 8.329905e+02 1.205914e-03 1
4.985732e-02 8.831168e+02 3.636289e-05 1
3.882609e-02 7.809704e+02 4.973972e-04 1
4.304470e-02 2.565628e+02 2.053706e-05 1
4.218348e-02 8.955930e+02 7.121141e-05 1
4.060566e-02 9.214064e+02 7.176789e-03 1
3.715257e-02 7.151733e+02 4.828662e-04 1
4.102447e-02 1.273408e+02 3.255502e-04 1
4.553682e-02 3.819250e+02 2.772218e-05 1
4.048591e-02 5.465372e+02 9.148940e-05 1
3.638521e-02 8.598240e+02 6.288133e-06 1
3.515543e-02 8.021585e+02 7.723677e-05 1
4.459897e-02 9.471632e+02 3.279094e-06 1
3.526655e-02 1.108795e+02 1.567289e-05 1
4.033978e-02 6.845593e+02 5.164302e-04 1
4.653540e-02 3.582701e+02 9.136795e-06 1
4.087970e-02 1.322861e+02 2.157753e-04 1
4.132523e-02 2.513701e+02 2.724180e-05 1
4.170072e-02 6.430934e+02 1.068171e-02 1
4.096495e-02 2.576061e+02 1.765822e-04 1
3.502967e-02 3.050271e+02 1.781048e-05 1
3.834580e-02 8.094077e+02 1.929918e-02 1
3.575669e-02 7.971441e+02 1.950731e-05 1
3.949892e-02 7.224139e+02 1.074854e-04 1
3.761050e-02 4.066082e+02 2.398779e-05 1
4.365781e-02 3.938182e+02 1.101277e-06 1
4.477123e-02 9.275655e+02 4.946798e-06 1
4.870685e-02 4.845602e+02 8.606017e-04 1
4.880100e-02 4.167061e+02 1.813104e-05 1
4.417274e-02 7.991815e+02 5.033052e-05 1
3.699224e-02 8.154665e+02 3.733815e-03 1
4.769850e-02 1.425372e+02 5.033856e-05 1
3.659984e-02 7.397507e+02 1.488658e-03 1
4.299340e-02 7.179011e+02 8.184106e-05 1
4.684396e-02 8.779648e+02 4.009031e-04 1
4.689807e-02 6.783279e+02 1.412305e-06 1
4.504953e-02 2.911914e+02 5.583651e-05 1
4.066794e-02 2.754703e+02 1.272279e-04 1
4.232031e-02 4.594083e+02 3.784040e-04 1
3.539532e-02 4.486913e+02 7.179769e-04 1
4.609768e-02 4.702343e+02 1.863787e-04 1
4.461424e-02 5.766519e+02 2.146910e-04 1
4.746099e-02 1.391415e+02 4.652546e-04 1
4.118038e-02 8.815641e+02 1.008467e-04 1
4.041041e-02 1.222296e+02 1.668034e-04 1
3.686387e-02 5.899233e+02 2.357673e-04 1
4.564604e-02 6.468594e+02 8.744558e-03 1
3.983325e-02 2.203228e+02 4.189596e-04 1
4.340329e-02 4.286134e+02 7.677320e-04 1
4.507298e-02 2.459309e+02 1.347192e-03 1
3.719348e-02 4.813458e+02 5.554750e-05 1
3.624622e-02 6.506596e+02 7.152189e-04 1
3.855144e-02 5.525350e+02 4.543322e-05 1
3.994178e-02 9.434725e+02 1.855284e-05 1
3.632510e-02 3.664354e+02 1.021195e-03 1
3.800084e-02 3.547811e+02 8.773237e-03 1
4.924898e-02 3.148614e+02 1.272408e-04 1
4.322460e-02 1.754157e+02 1.882882e-05 1
4.624049e-02 6.696174e+02 5.943385e-06 1
4.698103e-02 9.733790e+02 1.063701e-04 1
4.141366e-02 6.547414e+02 9.493732e-05 1
4.485599e-02 3.278341e+02 1.440268e-04 1
4.739374e-02 8.211921e+02 4.448776e-05 1
3.679075e-02 9.963174e+02 6.056109e-02 1
3.642933e-02 6.295532e+02 5.373861e-04 1
3.604722e-02 3.849583e+02 2.797539e-05 1
4.025258e-02 9.812206e+02 2.148689e-05 1
4.181365e-02 4.367959e+02 2.028764e-06 1
3.618114e-02 9.946817e+02 4.973075e-03 1
3.739804e-02 1.888340e+02 3.538403e-03 1
3.837544e-02 2.783919e+02 3.089510e-04 1
4.582991e-02 8.175485e+02 2.003834e-05 1
4.863203e-02 5.237422e+02 2.831668e-05 1
4.930929e-02 5.410242e+02 2.778870e-04 1
4.969302e-02 2.036506e+02 3.742361e-03 1
4.424081e-02 3.365052e+02 2.826859e-05 1
4.374324e-02 2.328878e+02 1.089824e-04 1
4.492815e-02 9.637318e+02 2.638872e-02 1
3.864270e-02 7.554176e+02 4.086587e-04 1
4.407994e-02 8.900110e+02 5.967976e-05 1
4.201027e-02 8.615265e+02 4.886899e-04 1
4.569707e-02 9.022100e+02 1.897943e-03 1
4.601497e-02 5.029543e+02 4.807846e-04 1
4.534258e-02 9.343640e+02 2.002087e-04 1
4.287502e-02 2.248620e+02 1.384653e-04 1
3.882187e-02 7.690627e+02 9.099310e-04 1
3.726290e-02 7.705857e+02 3.692340e-05 1
3.775915e-02 4.906696e+02 5.706099e-04 1
4.317006e-02 2.407554e+02 2.287025e-05 1
4.394070e-02 9.896797e+02 3.905135e-05 1
4.004919e-02 3.512708e+02 4.058256e-03 1
3.848211e-02 3.332538e+02 9.115146e-06 1
4.013122e-02 8.538763e+02 2.567224e-04 1
4.523238e-02 8.983078e+02 1.340789e-03 1
4.430305e-02 9.538882e+02 4.420730e-04 1
4.387367e-02 5.692019e+02 7.091103e-04 1
3.784642e-02 6.588461e+02 2.289859e-03 1
4.792246e-02 6.348549e+02 1.898136e-05 1
3.555213e-02 5.343214e+02 8.766927e-05 1
4.854114e-02 2.946745e+02 1.246300e-03 1
4.244086e-02 6.649810e+02 1.573619e-04 1
3.694232e-02 2.658643e+02 4.743336e-04 1
4.147955e-02 5.298647e+02 6.105404e-05 1
4.160877e-02 2.985553e+02 2.648664e-02 1
4.154501e-02 5.827176e+02 4.113968e-04 1
3.572991e-02 5.147355e+02 1.652941e-05 1
4.673319e-02 6.030607e+02 5.039263e-05 1
4.993953e-02 1.997848e+02 4.822743e-05 1
4.828760e-02 6.875801e+02 1.750951e-03 1
