twoPlots = 1;
A = [
9.165201e-04
1.334148e-03
1.802463e-03
2.270778e-03
2.739093e-03
3.207408e-03
3.675723e-03
4.144038e-03
4.612353e-03
5.080667e-03
5.548982e-03
6.017297e-03
6.485612e-03
6.953927e-03
7.422242e-03
7.890556e-03
8.358872e-03
8.827186e-03
9.295501e-03
9.763815e-03
1.023213e-02
1.070045e-02
1.116876e-02
1.163708e-02
1.210539e-02
1.257371e-02
1.304202e-02
1.351034e-02
1.397865e-02
1.444696e-02
1.491528e-02
1.538359e-02
1.585191e-02
1.632022e-02
1.678854e-02
1.725685e-02
1.772517e-02
1.819349e-02
1.866180e-02
1.913011e-02
1.959843e-02
2.006674e-02
2.053506e-02
2.100337e-02
1.578580e-02
1.096531e-02
8.929366e-03
6.893429e-03
4.857483e-03
2.821548e-03
7.856023e-04
-1.250336e-03
-3.286276e-03
-5.322222e-03
-7.358167e-03
-9.394107e-03
-1.254810e-02
-2.402240e-02
-3.549671e-02
-4.697100e-02
-5.844536e-02
-5.559125e-02
-2.459899e-02
6.393265e-03
9.165201e-04
1.226880e-03
1.574908e-03
1.922936e-03
2.270963e-03
2.618991e-03
2.967019e-03
3.315047e-03
3.663075e-03
4.011102e-03
4.359130e-03
4.707158e-03
5.055185e-03
5.403213e-03
5.751241e-03
6.099268e-03
6.447297e-03
6.795324e-03
7.143352e-03
7.491380e-03
7.839408e-03
8.187435e-03
8.535463e-03
8.883491e-03
9.231518e-03
9.579546e-03
9.927573e-03
1.027560e-02
1.062363e-02
1.097166e-02
1.131968e-02
1.166771e-02
1.201574e-02
1.236377e-02
1.271180e-02
1.305982e-02
1.340785e-02
1.375588e-02
1.410391e-02
1.445193e-02
1.479996e-02
1.514799e-02
1.549602e-02
1.584405e-02
1.105564e-02
6.700734e-03
5.130358e-03
3.559991e-03
1.989617e-03
4.192498e-04
-1.151115e-03
-2.721485e-03
-4.291860e-03
-5.862232e-03
-7.432600e-03
-9.002967e-03
-1.166162e-02
-2.241900e-02
-3.317639e-02
-4.393378e-02
-5.469120e-02
-5.156022e-02
-2.115526e-02
9.249685e-03
9.165201e-04
1.119612e-03
1.347353e-03
1.575093e-03
1.802834e-03
2.030574e-03
2.258315e-03
2.486055e-03
2.713796e-03
2.941537e-03
3.169278e-03
3.397018e-03
3.624758e-03
3.852499e-03
4.080240e-03
4.307980e-03
4.535721e-03
4.763462e-03
4.991202e-03
5.218943e-03
5.446684e-03
5.674424e-03
5.902165e-03
6.129906e-03
6.357646e-03
6.585387e-03
6.813127e-03
7.040868e-03
7.268609e-03
7.496349e-03
7.724090e-03
7.951830e-03
8.179571e-03
8.407312e-03
8.635052e-03
8.862793e-03
9.090533e-03
9.318274e-03
9.546014e-03
9.773755e-03
1.000150e-02
1.022924e-02
1.045698e-02
1.068472e-02
6.325490e-03
2.436153e-03
1.331350e-03
2.265535e-04
-8.782446e-04
-1.983040e-03
-3.087837e-03
-4.192638e-03
-5.297437e-03
-6.402239e-03
-7.507032e-03
-8.611828e-03
-1.077513e-02
-2.081560e-02
-3.085607e-02
-4.089653e-02
-5.093704e-02
-4.759184e-02
-1.795989e-02
1.167204e-02
9.165201e-04
1.012342e-03
1.119794e-03
1.227245e-03
1.334697e-03
1.442148e-03
1.549600e-03
1.657051e-03
1.764503e-03
1.871955e-03
1.979406e-03
2.086858e-03
2.194309e-03
2.301761e-03
2.409213e-03
2.516664e-03
2.624116e-03
2.731567e-03
2.839019e-03
2.946471e-03
3.053922e-03
3.161374e-03
3.268825e-03
3.376277e-03
3.483729e-03
3.591180e-03
3.698632e-03
3.806083e-03
3.913535e-03
4.020986e-03
4.128438e-03
4.235890e-03
4.343341e-03
4.450793e-03
4.558245e-03
4.665696e-03
4.773147e-03
4.880599e-03
4.988051e-03
5.095502e-03
5.202954e-03
5.310406e-03
5.417858e-03
5.525309e-03
1.595262e-03
-1.828497e-03
-2.467718e-03
-3.106935e-03
-3.746154e-03
-4.385371e-03
-5.024590e-03
-5.663811e-03
-6.303029e-03
-6.942248e-03
-7.581469e-03
-8.220689e-03
-9.888634e-03
-1.921217e-02
-2.853571e-02
-3.785924e-02
-4.718282e-02
-4.362341e-02
-1.476447e-02
1.409445e-02
9.165201e-04
9.165201e-04
9.165201e-04
9.165201e-04
9.165201e-04
9.165201e-04
9.165201e-04
9.165201e-04
9.165201e-04
9.165201e-04
9.165201e-04
9.165201e-04
9.165201e-04
9.165201e-04
9.165201e-04
9.165201e-04
9.165201e-04
9.165201e-04
9.165201e-04
9.165201e-04
9.165201e-04
9.165201e-04
9.165201e-04
9.165201e-04
9.165201e-04
9.165201e-04
9.165201e-04
9.165201e-04
9.165201e-04
9.165201e-04
9.165201e-04
9.165201e-04
9.165201e-04
9.165201e-04
9.165201e-04
9.165201e-04
9.165201e-04
9.165201e-04
9.165201e-04
9.165201e-04
9.165201e-04
9.165201e-04
9.165201e-04
9.165201e-04
-2.571516e-03
-5.516868e-03
-5.677680e-03
-5.838490e-03
-5.999302e-03
-6.160114e-03
-6.320925e-03
-6.481737e-03
-6.642547e-03
-6.803360e-03
-6.964171e-03
-7.124985e-03
-8.284749e-03
-1.687853e-02
-2.547231e-02
-3.406121e-02
-4.264076e-02
-3.884002e-02
-1.072699e-02
1.738605e-02
9.165201e-04
9.165201e-04
9.165201e-04
9.165201e-04
9.165201e-04
9.165201e-04
9.165201e-04
9.165201e-04
9.165201e-04
9.165201e-04
9.165201e-04
9.165201e-04
9.165201e-04
9.165201e-04
9.165201e-04
9.165201e-04
9.165201e-04
9.165201e-04
9.165201e-04
9.165201e-04
9.165201e-04
9.165201e-04
9.165201e-04
9.165201e-04
9.165201e-04
9.165201e-04
9.165201e-04
9.165201e-04
9.165201e-04
9.165201e-04
9.165201e-04
9.165201e-04
9.165201e-04
9.165201e-04
9.165201e-04
9.165201e-04
9.165201e-04
9.165201e-04
9.165201e-04
9.165201e-04
9.165201e-04
9.165201e-04
9.165201e-04
9.165201e-04
-2.022055e-03
-4.381548e-03
-3.956499e-03
-3.531451e-03
-3.106405e-03
-2.681356e-03
-2.256310e-03
-1.831261e-03
-1.406215e-03
-9.811651e-04
-5.561169e-04
-1.310688e-04
-6.752057e-04
-8.431784e-03
-1.618836e-02
-2.389428e-02
-3.150288e-02
-2.723390e-02
3.601537e-04
2.795421e-02
9.165201e-04
9.165201e-04
9.165201e-04
9.165201e-04
9.165201e-04
9.165201e-04
9.165201e-04
9.165201e-04
9.165201e-04
9.165201e-04
9.165201e-04
9.165201e-04
9.165201e-04
9.165201e-04
9.165201e-04
9.165201e-04
9.165201e-04
9.165201e-04
9.165201e-04
9.165201e-04
9.165201e-04
9.165201e-04
9.165201e-04
9.165201e-04
9.165201e-04
9.165201e-04
9.165201e-04
9.165201e-04
9.165201e-04
9.165201e-04
9.165201e-04
9.165201e-04
9.165201e-04
9.165201e-04
9.165201e-04
9.165201e-04
9.165201e-04
9.165201e-04
9.165201e-04
9.165201e-04
9.165201e-04
9.165201e-04
9.165201e-04
9.165201e-04
-1.472593e-03
-3.246227e-03
-2.235317e-03
-1.224411e-03
-2.135057e-04
7.974012e-04
1.808306e-03
2.819212e-03
3.830116e-03
4.841028e-03
5.851934e-03
6.862842e-03
6.934338e-03
1.496915e-05
-6.904401e-03
-1.372735e-02
-2.036499e-02
-1.562778e-02
1.144729e-02
3.852238e-02
9.165201e-04
9.165201e-04
9.165201e-04
9.165201e-04
9.165201e-04
9.165201e-04
9.165201e-04
9.165201e-04
9.165201e-04
9.165201e-04
9.165201e-04
9.165201e-04
9.165201e-04
9.165201e-04
9.165201e-04
9.165201e-04
9.165201e-04
9.165201e-04
9.165201e-04
9.165201e-04
9.165201e-04
9.165201e-04
9.165201e-04
9.165201e-04
9.165201e-04
9.165201e-04
9.165201e-04
9.165201e-04
9.165201e-04
9.165201e-04
9.165201e-04
9.165201e-04
9.165201e-04
9.165201e-04
9.165201e-04
9.165201e-04
9.165201e-04
9.165201e-04
9.165201e-04
9.165201e-04
9.165201e-04
9.165201e-04
9.165201e-04
9.165201e-04
-9.231314e-04
-2.110907e-03
-5.141357e-04
1.082629e-03
2.679394e-03
4.276158e-03
5.872922e-03
7.469686e-03
9.066451e-03
1.066322e-02
1.225999e-02
1.385675e-02
1.454388e-02
8.461720e-03
2.379553e-03
-3.560414e-03
-9.227112e-03
-4.021665e-03
2.253444e-02
4.909054e-02
9.165201e-04
9.165201e-04
9.165201e-04
9.165201e-04
9.165201e-04
9.165201e-04
9.165201e-04
9.165201e-04
9.165201e-04
9.165201e-04
9.165201e-04
9.165201e-04
9.165201e-04
9.165201e-04
9.165201e-04
9.165201e-04
9.165201e-04
9.165201e-04
9.165201e-04
9.165201e-04
9.165201e-04
9.165201e-04
9.165201e-04
9.165201e-04
9.165201e-04
9.165201e-04
9.165201e-04
9.165201e-04
9.165201e-04
9.165201e-04
9.165201e-04
9.165201e-04
9.165201e-04
9.165201e-04
9.165201e-04
9.165201e-04
9.165201e-04
9.165201e-04
9.165201e-04
9.165201e-04
9.165201e-04
9.165201e-04
9.165201e-04
9.165201e-04
-3.736612e-04
-9.755688e-04
1.207073e-03
3.389705e-03
5.572337e-03
7.754969e-03
9.937602e-03
1.212023e-02
1.430287e-02
1.648551e-02
1.866814e-02
2.085077e-02
2.215355e-02
1.690860e-02
1.166365e-02
6.606681e-03
1.910944e-03
7.584634e-03
3.362175e-02
5.965887e-02
9.165201e-04
9.165201e-04
9.165201e-04
9.165201e-04
9.165201e-04
9.165201e-04
9.165201e-04
9.165201e-04
9.165201e-04
9.165201e-04
9.165201e-04
9.165201e-04
9.165201e-04
9.165201e-04
9.165201e-04
9.165201e-04
9.165201e-04
9.165201e-04
9.165201e-04
9.165201e-04
9.165201e-04
9.165201e-04
9.165201e-04
9.165201e-04
9.165201e-04
9.165201e-04
9.165201e-04
9.165201e-04
9.165201e-04
