twoPlots = 1;
A = [
-6.171442e-04
-1.377898e-04
2.239489e-04
4.806612e-04
6.449359e-04
7.293623e-04
7.465293e-04
7.090261e-04
6.294417e-04
5.203651e-04
3.943854e-04
2.640918e-04
1.420732e-04
4.091866e-05
-2.678266e-05
-4.844174e-05
-1.146951e-05
9.672309e-05
2.887251e-04
5.771256e-04
9.745137e-04
1.493478e-03
2.146609e-03
2.946494e-03
3.905723e-03
5.036885e-03
6.352569e-03
7.865363e-03
9.587858e-03
1.153264e-02
1.371230e-02
1.613943e-02
-2.339467e-04
2.483931e-04
6.109153e-04
8.662091e-04
1.026863e-03
1.105468e-03
1.114610e-03
1.066881e-03
9.748683e-04
8.511617e-04
7.083500e-04
5.590224e-04
4.157680e-04
2.911756e-04
1.978346e-04
1.483338e-04
1.552624e-04
2.312095e-04
3.887640e-04
6.405151e-04
9.990519e-04
1.476963e-03
2.086838e-03
2.841266e-03
3.752836e-03
4.834137e-03
6.097758e-03
7.556288e-03
9.222316e-03
1.110843e-02
1.322722e-02
1.559128e-02
9.367732e-05
5.803863e-04
9.450758e-04
1.200335e-03
1.358753e-03
1.432918e-03
1.435420e-03
1.378849e-03
1.275792e-03
1.138839e-03
9.805789e-04
8.136011e-04
6.504945e-04
5.038482e-04
3.862511e-04
3.102924e-04
2.885612e-04
3.336465e-04
4.581373e-04
6.746227e-04
9.956919e-04
1.433934e-03
2.001937e-03
2.712292e-03
3.577587e-03
4.610410e-03
5.823352e-03
7.229000e-03
8.839945e-03
1.066878e-02
1.272808e-02
1.503045e-02
3.684587e-04
8.609206e-04
1.229161e-03
1.485769e-03
1.643334e-03
1.714445e-03
1.711691e-03
1.647660e-03
1.534943e-03
1.386127e-03
1.213803e-03
1.030559e-03
8.489836e-04
6.816670e-04
5.411977e-04
4.401649e-04
3.911576e-04
4.067648e-04
4.995757e-04
6.821793e-04
9.671646e-04
1.367121e-03
1.894637e-03
2.562302e-03
3.382705e-03
4.368435e-03
5.532081e-03
6.886232e-03
8.443478e-03
1.021641e-02
1.221761e-02
1.445967e-02
5.931282e-04
1.092727e-03
1.465902e-03
1.725243e-03
1.883339e-03
1.952779e-03
1.946151e-03
1.876046e-03
1.755052e-03
1.595757e-03
1.410752e-03
1.212626e-03
1.013966e-03
8.273629e-04
6.654052e-04
5.406820e-04
4.657824e-04
4.532954e-04
5.158101e-04
6.659155e-04
9.162007e-04
1.279255e-03
1.767667e-03
2.394026e-03
3.170921e-03
4.110941e-03
5.226676e-03
6.530714e-03
8.035644e-03
9.754055e-03
1.169854e-02
1.388168e-02
7.704167e-04
1.278536e-03
1.658030e-03
1.921487e-03
2.081498e-03
2.150650e-03
2.141534e-03
2.066737e-03
1.938850e-03
1.770461e-03
1.574159e-03
1.362533e-03
1.148173e-03
9.436668e-04
7.616044e-04
6.145746e-04
5.151664e-04
4.759689e-04
5.095712e-04
6.285622e-04
8.455312e-04
1.173067e-03
1.623759e-03
2.210196e-03
2.944967e-03
3.840661e-03
4.909868e-03
6.165176e-03
7.619174e-03
9.284452e-03
1.117360e-02
1.329920e-02
9.030550e-04
1.421078e-03
1.808275e-03
2.077233e-03
2.240542e-03
2.310791e-03
2.300569e-03
2.222465e-03
2.089068e-03
1.912967e-03
1.706752e-03
1.483012e-03
1.254334e-03
1.033309e-03
8.325261e-04
6.645734e-04
5.420404e-04
4.775162e-04
4.835898e-04
5.728503e-04
7.578867e-04
1.051288e-03
1.465644e-03
2.013542e-03
2.707573e-03
3.560325e-03
4.584388e-03
5.792349e-03
7.196800e-03
8.810328e-03
1.064552e-02
1.271497e-02
9.937737e-04
1.523085e-03
1.919367e-03
2.195210e-03
2.363201e-03
2.435930e-03
2.425986e-03
2.345959e-03
2.208437e-03
2.026009e-03
1.811264e-03
1.576792e-03
1.335181e-03
1.099021e-03
8.809010e-04
6.934093e-04
5.491353e-04
4.606681e-04
4.405968e-04
5.015104e-04
6.559981e-04
9.166488e-04
1.296052e-03
1.806796e-03
2.461470e-03
3.272664e-03
4.252966e-03
5.414965e-03
6.771251e-03
8.334413e-03
1.011704e-02
1.213172e-02
1.045304e-03
1.587287e-03
1.994039e-03
2.278149e-03
2.452206e-03
2.528800e-03
2.520518e-03
2.439951e-03
2.299687e-03
2.112315e-03
1.890425e-03
1.646605e-03
1.393445e-03
1.143534e-03
9.094600e-04
7.038129e-04
5.391817e-04
4.281553e-04
3.833229e-04
4.172735e-04
5.425961e-04
7.718799e-04
1.117714e-03
1.592687e-03
2.209389e-03
2.980408e-03
3.918333e-03
5.035754e-03
6.345260e-03
7.859439e-03
9.590881e-03
1.155217e-02
1.060376e-03
1.616415e-03
2.035021e-03
2.328782e-03
2.510289e-03
2.592130e-03
2.586895e-03
2.507171e-03
2.365549e-03
2.174618e-03
1.946966e-03
1.695182e-03
1.431856e-03
1.169577e-03
9.209338e-04
6.985152e-04
5.149105e-04
3.827087e-04
3.144989e-04
3.228702e-04
4.204116e-04
6.197123e-04
9.333612e-04
1.373947e-03
1.954060e-03
2.686288e-03
3.583221e-03
4.657447e-03
5.921556e-03
7.388136e-03
9.069777e-03
1.097907e-02
1.041721e-03
1.613199e-03
2.045042e-03
2.349840e-03
2.540180e-03
2.628653e-03
2.627847e-03
2.550351e-03
2.408755e-03
2.215647e-03
1.983617e-03
1.725254e-03
1.453146e-03
1.179883e-03
9.180533e-04
6.802469e-04
4.790525e-04
3.270590e-04
2.368557e-04
2.210314e-04
2.921754e-04
4.628766e-04
7.457242e-04
1.153307e-03
1.698215e-03
2.393035e-03
3.250359e-03
4.282774e-03
5.502870e-03
6.923236e-03
8.556460e-03
1.041513e-02
9.920701e-04
1.580371e-03
2.026836e-03
2.344052e-03
2.544610e-03
2.641098e-03
2.646105e-03
2.572221e-03
2.432034e-03
2.238134e-03
2.003110e-03
1.739550e-03
1.460044e-03
1.177181e-03
9.035492e-04
6.517388e-04
4.343384e-04
2.639371e-04
1.531239e-04
1.144879e-04
1.606182e-04
3.041038e-04
5.575338e-04
9.334972e-04
1.444583e-03
2.103381e-03
2.922479e-03
3.914467e-03
5.091933e-03
6.467468e-03
8.053659e-03
9.863097e-03
9.141535e-04
1.520662e-03
1.983131e-03
2.314150e-03
2.526309e-03
2.632196e-03
2.644401e-03
2.575512e-03
2.438118e-03
2.244810e-03
2.008175e-03
1.740802e-03
1.455282e-03
1.164202e-03
8.801524e-04
6.157218e-04
3.834992e-04
1.960737e-04
6.603446e-05
5.970468e-06
2.847080e-05
1.461245e-04
3.715207e-04
7.172484e-04
1.195897e-03
1.820055e-03
2.602311e-03
3.555256e-03
4.691477e-03
6.023564e-03
7.564106e-03
9.325692e-03
8.107022e-04
1.436801e-03
1.916659e-03
2.262865e-03
2.488009e-03
2.604679e-03
2.625464e-03
2.562954e-03
2.429738e-03
2.238404e-03
2.001542e-03
1.731741e-03
1.441590e-03
1.143678e-03
8.505936e-04
5.749265e-04
3.292655e-04
1.261997e-04
-2.168189e-05
-1.017901e-04
-1.015359e-04
-8.330307e-06
1.904158e-04
5.072916e-04
9.548859e-04
1.545788e-03
2.292587e-03
3.207872e-03
4.304231e-03
5.594255e-03
7.090531e-03
8.805650e-03
6.844470e-04
1.331520e-03
1.830150e-03
2.192927e-03
2.432439e-03
2.561276e-03
2.592026e-03
2.537279e-03
2.409623e-03
2.221649e-03
1.985944e-03
1.715098e-03
1.421700e-03
1.118339e-03
8.176037e-04
5.320838e-04
2.743681e-04
5.704574e-05
-1.072943e-04
-2.060630e-04
-2.266712e-04
-1.565300e-04
1.694992e-05
3.063574e-04
7.242817e-04
1.283312e-03
1.996037e-03
2.875045e-03
3.932927e-03
5.182271e-03
6.635666e-03
8.305701e-03
5.381187e-04
1.207550e-03
1.726336e-03
2.107067e-03
2.362332e-03
2.504719e-03
2.546818e-03
2.501217e-03
2.380506e-03
2.197274e-03
1.964110e-03
1.693603e-03
1.398342e-03
1.090915e-03
7.839133e-04
4.899245e-04
2.215380e-04
-8.657260e-06
-1.880721e-04
-3.041175e-04
-3.442043e-04
-2.957436e-04
-1.461462e-04
1.171768e-04
5.068147e-04
1.035356e-03
1.715391e-03
2.559508e-03
3.580295e-03
4.790343e-03
6.202240e-03
7.828575e-03
3.744481e-04
1.067621e-03
1.607948e-03
2.008017e-03
2.280417e-03
2.437739e-03
2.492570e-03
2.457499e-03
2.345117e-03
2.168011e-03
1.938771e-03
1.669987e-03
1.374246e-03
1.064139e-03
7.522534e-04
4.511794e-04
1.735057e-04
-6.817854e-05
-2.612844e-04
-3.932227e-04
-4.514044e-04
-4.232405e-04
-2.961419e-04
-5.751945e-05
3.052158e-04
8.046529e-04
1.453381e-03
2.263989e-03
3.249066e-03
4.421202e-03
5.792984e-03
7.377003e-03
1.961660e-04
9.144648e-04
1.477715e-03
1.898506e-03
2.189426e-03
2.363066e-03
2.432013e-03
2.408856e-03
2.306186e-03
2.136590e-03
1.912659e-03
1.646981e-03
1.352144e-03
1.040739e-03
7.253547e-04
4.185793e-04
1.330023e-04
-1.187873e-04
-3.242004e-04
-4.706478e-04
-5.455407e-04
-5.362898e-04
-4.303061e-04
-2.150006e-04
1.222158e-04
5.939321e-04
1.212738e-03
1.991221e-03
2.941972e-03
4.077579e-03
5.410631e-03
6.953717e-03
6.003136e-06
7.508114e-04
1.338369e-03
1.781266e-03
2.092090e-03
2.283431e-03
2.367877e-03
2.358019e-03
2.266444e-03
2.105743e-03
1.888504e-03
1.627315e-03
1.334767e-03
1.023448e-03
7.059480e-04
3.948550e-04
1.027583e-04
-1.577528e-04
-3.740893e-04
-5.336622e-04
-6.238823e-04
-6.321607e-04
-5.459083e-04
-3.525359e-04
-3.945458e-05
4.059248e-04
9.961912e-04
1.743934e-03
2.661742e-03
3.762204e-03
5.057909e-03
6.561447e-03
-1.933096e-04
5.793918e-04
